200_25_1.dat 1.1343125889620966 1.1343125889620966 1.1343125889620966 1.1343125889620966 1.1343125889620966 1.1343125889620966 1.1343125889620966 1.1343125889620966 1.1343125889620966 1.1343125889620966 1.1343125889620966 1.1343125889620966 1.1343125889620966 1.1343125889620966 1.1343125889620966 1.1343125889620966 1.1343125889620966 1.1343125889620966 1.134312588962096
200_25_2.dat 0.11937906191432257 0.11937906191432257 0.11937906191432257 0.11937906191432257 0.11937906191432257 0.11937906191432257 0.11937906191432257 0.11937906191432257 0.11937906191432257 0.11937906191432257 0.11937906191432257 0.11937906191432257 0.11937906191432257 0.11937906191432257 0.11937906191432257 0.11937906191432257 0.11937906191432257 0.11937906191432257 0.1193790619143225
200_25_3.dat 0.0 0.0 0.0 0.0 0.0 0.0 0.0 0.0 0.0 0.0 0.0 0.0 0.0 0.0 0.0 0.0 0.0 0.0 0.
200_25_4.dat 0.92867004555654986 0.92867004555654986 0.92867004555654986 0.92867004555654986 0.92867004555654986 0.92867004555654986 0.92867004555654986 0.92867004555654986 0.92867004555654986 0.92867004555654986 0.92867004555654986 0.92867004555654986 0.92867004555654986 0.92867004555654986 0.92867004555654986 0.92867004555654986 0.92867004555654986 0.92867004555654986 0.9286700455565498
200_25_5.dat 1.2406312058252011 1.2406312058252011 1.2406312058252011 1.2406312058252011 1.2406312058252011 1.2406312058252011 1.2406312058252011 1.2406312058252011 1.2406312058252011 1.2406312058252011 1.2406312058252011 1.2406312058252011 1.2406312058252011 1.2406312058252011 1.2406312058252011 1.2406312058252011 1.2406312058252011 1.2406312058252011 1.240631205825201
200_25_6.dat 3.665169070702293 3.665169070702293 3.665169070702293 3.665169070702293 3.665169070702293 3.665169070702293 3.665169070702293 3.665169070702293 3.665169070702293 3.665169070702293 3.665169070702293 3.665169070702293 3.665169070702293 3.665169070702293 3.665169070702293 3.665169070702293 3.665169070702293 3.665169070702293 3.66516907070229
200_25_7.dat 1.9513517175960431 1.9513517175960431 1.9513517175960431 1.9513517175960431 1.9513517175960431 1.9513517175960431 1.9513517175960431 1.9513517175960431 1.9513517175960431 1.9513517175960431 1.9513517175960431 1.9513517175960431 1.9513517175960431 1.9513517175960431 1.9513517175960431 1.9513517175960431 1.9513517175960431 1.9513517175960431 1.951351717596043
200_25_8.dat 0.96565015759571182 0.96565015759571182 0.96565015759571182 0.96565015759571182 0.96565015759571182 0.96565015759571182 0.96565015759571182 0.96565015759571182 0.96565015759571182 0.96565015759571182 0.96565015759571182 0.96565015759571182 0.96565015759571182 0.96565015759571182 0.96565015759571182 0.96565015759571182 0.96565015759571182 0.96565015759571182 0.9656501575957118
200_25_9.dat 3.3889721670785562 3.3889721670785562 3.3889721670785562 3.3889721670785562 3.3889721670785562 3.3889721670785562 3.3889721670785562 3.3889721670785562 3.3889721670785562 3.3889721670785562 3.3889721670785562 3.3889721670785562 3.3889721670785562 3.3889721670785562 3.3889721670785562 3.3889721670785562 3.3889721670785562 3.3889721670785562 3.388972167078556
200_25_10.dat 4.8494603685589883 4.8494603685589883 4.8494603685589883 4.8494603685589883 4.8494603685589883 4.8494603685589883 4.8494603685589883 4.8494603685589883 4.8494603685589883 4.8494603685589883 4.8494603685589883 4.8494603685589883 4.8494603685589883 4.8494603685589883 4.8494603685589883 4.8494603685589883 4.8494603685589883 4.8494603685589883 4.849460368558988
200_50_1.dat 0.23273501264455235 0.23273501264455235 0.23273501264455235 0.23273501264455235 0.23273501264455235 0.23273501264455235 0.23273501264455235 0.23273501264455235 0.23273501264455235 0.23273501264455235 0.23273501264455235 0.23273501264455235 0.23273501264455235 0.23273501264455235 0.23273501264455235 0.23273501264455235 0.23273501264455235 0.23273501264455235 0.2327350126445523
200_50_2.dat 0.85160801401979824 0.85160801401979824 0.85160801401979824 0.85160801401979824 0.85160801401979824 0.85160801401979824 0.85160801401979824 0.85160801401979824 0.85160801401979824 0.85160801401979824 0.85160801401979824 0.85160801401979824 0.85160801401979824 0.85160801401979824 0.85160801401979824 0.85160801401979824 0.85160801401979824 0.85160801401979824 0.8516080140197982
200_50_3.dat 1.6968549860246054 1.6968549860246054 1.6968549860246054 1.6968549860246054 1.6968549860246054 1.6968549860246054 1.6968549860246054 1.6968549860246054 1.6968549860246054 1.6968549860246054 1.6968549860246054 1.6968549860246054 1.6968549860246054 1.6968549860246054 1.6968549860246054 1.6968549860246054 1.6968549860246054 1.6968549860246054 1.696854986024605
200_50_4.dat 1.7622455943860142 1.7622455943860142 1.7622455943860142 1.7622455943860142 1.7622455943860142 1.7622455943860142 1.7622455943860142 1.7622455943860142 1.7622455943860142 1.7622455943860142 1.7622455943860142 1.7622455943860142 1.7622455943860142 1.7622455943860142 1.7622455943860142 1.7622455943860142 1.7622455943860142 1.7622455943860142 1.762245594386014
200_50_5.dat 0.42197347654857381 0.42197347654857381 0.42197347654857381 0.42197347654857381 0.42197347654857381 0.42197347654857381 0.42197347654857381 0.42197347654857381 0.42197347654857381 0.42197347654857381 0.42197347654857381 0.42197347654857381 0.42197347654857381 0.42197347654857381 0.42197347654857381 0.42197347654857381 0.42197347654857381 0.42197347654857381 0.4219734765485738
200_50_6.dat 0.48104747912844409 0.48104747912844409 0.48104747912844409 0.48104747912844409 0.48104747912844409 0.48104747912844409 0.48104747912844409 0.48104747912844409 0.48104747912844409 0.48104747912844409 0.48104747912844409 0.48104747912844409 0.48104747912844409 0.48104747912844409 0.48104747912844409 0.48104747912844409 0.48104747912844409 0.48104747912844409 0.4810474791284440
200_50_7.dat 1.2069355787948755 1.2069355787948755 1.2069355787948755 1.2069355787948755 1.2069355787948755 1.2069355787948755 1.2069355787948755 1.2069355787948755 1.2069355787948755 1.2069355787948755 1.2069355787948755 1.2069355787948755 1.2069355787948755 1.2069355787948755 1.2069355787948755 1.2069355787948755 1.2069355787948755 1.2069355787948755 1.206935578794875
200_50_8.dat 0.38370571658615144 0.38370571658615144 0.38370571658615144 0.38370571658615144 0.38370571658615144 0.38370571658615144 0.38370571658615144 0.38370571658615144 0.38370571658615144 0.38370571658615144 0.38370571658615144 0.38370571658615144 0.38370571658615144 0.38370571658615144 0.38370571658615144 0.38370571658615144 0.38370571658615144 0.38370571658615144 0.3837057165861514
200_50_9.dat 1.374170923229397 1.374170923229397 1.374170923229397 1.374170923229397 1.374170923229397 1.374170923229397 1.374170923229397 1.374170923229397 1.374170923229397 1.374170923229397 1.374170923229397 1.374170923229397 1.374170923229397 1.374170923229397 1.374170923229397 1.374170923229397 1.374170923229397 1.374170923229397 1.37417092322939
